885.0000000000000000000000000000000000000000 0.0000000000000000000000000000000000000000 17.3999999999999985789145284797996282577515  
0.0000000000000000000000000000000000000000 8810.0000000000000000000000000000000000000000 0.0000000000000000000000000000000000000000  
17.3999999999999985789145284797996282577515 0.0000000000000000000000000000000000000000 7770.0000000000000000000000000000000000000000  
 
 
-0.8414709848078966158979596912104170769453 1.0000000000000000000000000000000000000000 -1.3105134118127859110813915322069078683853  
0.8414709848078965048756572286947630345821 0.0000000000000000000000000000000000000000 -0.5403023058681397650104827334871515631676  
-0.2919265817264288798149607373488834127784 -0.8414709848078965048756572286947630345821 -0.4546487134128409102196144431218272075057  
 
 
-0.2456477482169410198054038119153119623661 0.8414709848078965048756572286947630345821 -0.2919265817264288798149607373488834127784  
0.2919265817264288243038095060910563915968 -0.0000000000000000000000000000000000000000 -0.8414709848078965048756572286947630345821  
-0.3825737006171462395442972592718433588743 -0.5403023058681397650104827334871515631676 -0.4546487134128407436861607493483461439610  
 
 
-224.0550395627311672797077335417270660400391 735.3005614328827732606441713869571685791016 -266.2659124412729738651250954717397689819336  
2571.8731850098379254632163792848587036132812 0.0000000000000000000000000000000000000000 -7413.3593761575684766285121440887451171875000  
-2976.8719246142013616918120533227920532226562 -4183.5073214597887272248044610023498535156250 -3537.7000257398126450425479561090469360351562  
 
 
